20
70
15 17 18
10 17 19
6 8 17 19 20
2 9 11
18 6 14
4 1 13 6 2
16 19 8
7 10 14 17
8 9 17 19 20
1 2 9 11
1 2
3 5 11 14 16 
8 2 12 14
1 2 13 15 6
12 7 6 10
2 3 6 11
4
1 2 8 18
3 6 17 20
2 12 15 17 18
7 8 15 20
5 6 19 20
8 11 20
1 2 3 16 17 19
2 9 14 15
7 14 16 17 18
8 9 20
14 19
1 2 5 6
1 2 19 20
20 13 14 4 9
4 15 8 3
4 5 7 8
18 10 5 9
3 5 7 8 12
2 6 11 12
7 6
4 5 7 17 18
3 4 6 9 12
3 7 10 15
10 11 12
6 18 19
18 19
2 13 18 19
2 7 8 9
15 17 20
3 12 16 18
2 3 4 8 11
5 17 19 20
4 9 15 20
1 
2 
3 
4 
5 
6 
7 
8 
9 
10 
11 
12 
13 
14 
15 
16 
17 
18 
19 
20